device_type_id,current_value_id,resistance_r1
1,1,0.475
1,2,0.15
1,3,0.0361
1,4,0.02
1,5,0.0082
1,6,0.0055
1,7,0.0043
1,8,0.0027
1,9,0.0023
1,10,0.0016
1,11,0.0014
1,12,0.001
1,13,0.00075
1,14,0.0007
1,15,0.00065
1,16,0.0006
1,17,0.0004
1,18,0.00025
1,19,0.00012
1,20,0.00012
1,21,0.00012
1,22,0.00012
1,23,0.00012
2,6,0.002
2,7,0.0016
2,8,0.0013
2,9,0.0007
2,10,0.0006
2,11,0.0005
2,12,0.0005
2,13,0.0005
2,14,0.0004
2,15,0.0004
2,16,0.0004
2,17,0.0002
2,18,0.00015
2,19,0.00008
2,20,0.00008
2,21,0.00008
2,22,0.00008
2,23,0.00008
