power_id,voltage_id,vector_group_id,power_short_circuit,voltage_short_circuit,resistance_r1,reactance_x1,resistance_r0,reactance_x0
1,1,1,0.6,4.5,0.1536,0.24362,2.304,1.70534
1,1,2,0.69,4.7,0.17664,0.24347,0.52992,0.73041
2,1,1,0.88,4.5,0.088,0.15702,1.32,1.09914
2,1,2,1,4.7,0.1,0.1592,0.3,0.4776
3,1,1,1.4,4.5,0.05644,0.09938,0.8466,0.69566
3,1,2,1.46,4.5,0.05886,0.09797,0.17658,0.29391
4,1,1,1.9,4.5,0.0304,0.06527,0.456,0.45689
4,1,2,2.6,4.5,0.0416,0.05877,0.1248,0.17631
5,1,1,2.6,4.5,0.01625,0.04196,0.24375,0.29372
5,1,2,3.1,4.5,0.01938,0.04062,0.05814,0.12186
6,1,1,3.7,5,0.00947,0.03057,0.14205,0.21399
6,1,2,4.2,5,0.01075,0.03014,0.03225,0.09042
7,1,1,5.5,4.5,0.0055,0.01714,0.0825,0.11998
7,1,2,5.9,4.5,0.0059,0.01701,0.0177,0.05103
8,1,1,7.6,5.5,0.00306,0.01363,0.0459,0.09541
8,1,2,8.5,5.5,0.00343,0.01354,0.01029,0.04062
9,1,1,10.8,5.5,0.00173,0.00863,0.02595,0.06041
9,1,2,10.8,5.5,0.00173,0.00863,0.00519,0.02589
10,1,1,16.5,6,0.00103,0.00591,0.01545,0.04137
10,1,2,16.5,6,0.00103,0.00591,0.00309,0.01773
