mark_name_id,multicore_amount_id,cable_range_id,continuous_current,resistance_r1,reactance_x1,resistance_r0,reactance_x0
1,1,2,26.97,9.61,0.092,11.7,2.31
1,1,3,34.41,6.41,0.087,8.51,2.274
1,1,4,46.5,3.84,0.082,5.94,2.24
1,1,5,62.31,2.4,0.078,4.5,2.2
1,1,6,80.91,1.54,0.062,3.64,2.17
1,1,7,98.58,1.1,0.061,3.3,2.14
1,1,8,117.18,0.769,0.06,2.869,2.08
1,1,9,149.73,0.549,0.059,2.649,2.07
1,1,10,183.21,0.405,0.057,2.505,2.05
1,1,11,212.97,0.32,0.057,2.42,2.03
1,1,12,242.73,0.256,0.056,2.36,2
1,1,13,280.86,0.208,0.056,1.918,2
1,1,14,333.87,0.16,0.055,1.475,1.964
1,2,3,34.41,6.41,0.094,8.71,1.968
1,2,4,46.5,3.84,0.088,5.9,1.811
1,2,5,62.31,2.4,0.084,4.39,1.558
1,2,6,80.91,1.54,0.072,3.42,1.258
1,2,7,98.58,1.1,0.068,2.97,1.241
1,2,8,117.18,0.769,0.066,2.449,0.949
1,2,9,149.73,0.549,0.065,2.039,0.741
1,2,10,183.21,0.405,0.064,1.665,0.559
1,2,11,212.97,0.32,0.064,1.54,0.545
1,2,12,242.73,0.256,0.063,1.276,0.43
1,2,13,280.86,0.208,0.063,1.037,0.43
1,2,14,333.87,0.16,0.055,0.798,0.375
1,3,3,34.41,6.41,0.094,8.71,1.968
1,3,4,46.5,3.84,0.088,5.9,1.811
1,3,5,62.31,2.4,0.084,4.39,1.558
1,3,6,80.91,1.54,0.072,3.42,1.258
1,3,7,98.58,1.1,0.068,2.97,1.241
1,3,8,117.18,0.769,0.066,2.449,0.949
1,3,9,149.73,0.549,0.065,2.039,0.741
1,3,10,183.21,0.405,0.064,1.665,0.559
1,3,11,212.97,0.32,0.064,1.54,0.545
1,3,12,242.73,0.256,0.063,1.276,0.43
1,3,13,280.86,0.208,0.063,1.037,0.43
1,3,14,333.87,0.16,0.055,0.798,0.375
2,1,1,25.11,6.41,0.11,11.71,2.11
2,1,2,33.48,4.63,0.107,5.9,1.181
2,1,3,42.78,3.54,0.094,4.07,1.69
2,1,4,58.59,2.13,0.088,2.66,1.65
2,1,5,78.12,1.33,0.082,1.86,1.61
2,1,6,104.16,0.86,0.082,1.38,1.57
2,1,7,127.41,0.61,0.079,1.14,1.54
2,1,8,155.31,0.43,0.078,0.96,1.51
2,1,9,196.23,0.3,0.065,0.83,1.48
2,1,10,242.73,0.22,0.064,0.75,1.45
2,1,11,280.86,0.18,0.062,0.71,1.43
2,1,12,321.78,0.14,0.061,0.67,1.41
2,1,13,369.21,0.115,0.061,0.55,1.41
2,1,14,438.96,0.089,0.06,0.426,1.387
2,2,1,25.11,6.41,0.11,11.71,2.11
2,2,2,33.48,4.63,0.107,5.9,1.181
2,2,3,42.78,3.54,0.1,4.24,1.49
2,2,4,58.59,2.13,0.095,2.88,1.34
2,2,5,78.12,1.33,0.09,2.12,1.14
2,2,6,104.16,0.86,0.089,1.63,0.91
2,2,7,127.41,0.61,0.086,1.33,0.74
2,2,8,155.31,0.43,0.086,1.05,0.58
2,2,9,196.23,0.3,0.073,0.85,0.42
2,2,10,242.73,0.22,0.072,0.66,0.35
2,2,11,280.86,0.18,0.07,0.54,0.31
2,2,12,321.78,0.14,0.07,0.45,0.28
2,2,13,369.21,0.115,0.069,0.37,0.276
2,2,14,438.96,0.089,0.06,0.286,0.24
2,3,1,25.11,6.41,0.11,11.71,2.11
2,3,2,33.48,4.63,0.107,5.9,1.181
2,3,3,42.78,3.54,0.1,4.24,1.49
2,3,4,58.59,2.13,0.095,2.88,1.34
2,3,5,78.12,1.33,0.09,2.12,1.14
2,3,6,104.16,0.86,0.089,1.63,0.91
2,3,7,127.41,0.61,0.086,1.33,0.74
2,3,8,155.31,0.43,0.086,1.05,0.58
2,3,9,196.23,0.3,0.073,0.85,0.42
2,3,10,242.73,0.22,0.072,0.66,0.35
2,3,11,280.86,0.18,0.07,0.54,0.31
2,3,12,321.78,0.14,0.07,0.45,0.28
2,3,13,369.21,0.115,0.069,0.37,0.276
2,3,14,438.96,0.089,0.06,0.286,0.24
3,1,7,160,1.111,0.0802,4.444,0.2875
3,1,8,195,0.822,0.0794,3.288,0.2855
3,1,9,240,0.568,0.0785,2.272,0.2822
3,1,10,300,0.411,0.0758,1.644,0.2765
3,1,11,340,0.325,0.0745,1.3,0.2695
3,1,14,515,0.163,0.037,0.65,0.135
